    0    0    6    6   11    8   13    8   13   12   13   12   12   10   11   10   13   10   11    8   12    8    7    6    6    6    8    6    8    7    8    7    8    7    8    8   13    7   13   10   13   14   14   15   14   13   14   15   15   15   15   15   15   15   16   12   14   13   14   13   16
   47   53   45   53   59   59   59   59   27   14   27   13    0    0    4    3   31   28   36   33
  650
    0   13    0    8    1    8    1    7    2    3    3    3    3    5    3    5    2    5    3    6    2    6    3    7    1    6    0    6    0    5    0    7    1   10    2    9    2   10    2    7    3    3    2    2    2    3    5    2    1    2    2    2    2    2    2    5    2    3    0    4    1
   12    4    8    6    1    1    1    1   21   14   12   13    6   10   20   17   17   19   15   19
  217
   20    0   12    0    5    1    4    1    2    1    2    1    3    1    2    2    1    1    4    2    1    2    9    4    9    2    7    2    8    2    6    2   10    1    9    1    3    1    3    1    2    1    3    0    1    4    1    3    1    2    1    1    1    2    1    2    3    2    3    0    3
    2    3    6    2    1    1    1    1   10   18    9   17   11   16   22   24   10   13    9    9
  185
    0    7    2    6    3    3    2    4    3    4    2    4    2    4    4    3    4    4    2    4    5    4    1    3    4    6    5    6    4    6    6    4    1    2    1    2    2    2    2    2    2    2    1    3    3    0    0    0    3    1    2    2    2    1    1    1    1    2    3    3    0
    0    1    2    0    0    0    0    0    3   15   13   18   44   35   15   17    3    1    1    0
  168
