    0    0   18   18   17   14   20   15   18   18   14   16    8   16   14   18   14   18   14   14    9   15   15   19   15   16   13   17   12   15    9   18   12   18   16   17   13   18   13   18   16   17   19   19   19   20   14   19   19   17   20   18   20   18   20   18   20   20   19   18   18
   56   54   56   58   59   59   59   59   37   26   33   37   43   43   49   44   48   48   51   51
  970
    0   19    0    2    2    6    0    5    2    2    6    0    9    0    5    0    6    2    6    1    7    2    5    0    5    2    7    1    8    2   11    1    8    1    4    2    7    1    7    2    3    3    1    1    1    0    6    0    1    3    0    2    0    2    0    2    0    0    1    2    1
    4    6    4    2    1    1    1    1   19   22   19   19   11   11   11   12   12   11    9    9
  185
   20    0    2    0    1    0    0    0    0    0    0    4    0    4    0    2    0    0    0    5    1    3    0    1    0    2    0    2    0    3    0    1    0    1    0    1    0    1    0    0    1    0    0    0    0    0    0    1    0    0    0    0    0    0    0    0    0    0    0    0    1
    1    1    1    1    1    1    1    1    5   10    9    5    5    5    1    4    1    2    1    1
   57
    0    1    0    0    0    0    0    0    0    0    0    0    3    0    1    0    0    0    0    0    3    0    0    0    0    0    0    0    0    0    0    0    0    0    0    0    0    0    0    0    0    0    0    0    0    0    0    0    0    0    0    0    0    0    0    0    0    0    0    0    0
    0    0    0    0    0    0    0    0    0    3    0    0    2    2    0    1    0    0    0    0
    8
